f00=1;
f10=2;
f01=3;
f11=5;

r = @ (p,q) (1-p)*(1-q)*f00 + p*(1-q)*f10+(1-p)*q*f01+p*q*f11;

r(0.5,0.25)